C:\Users\15167\AppData\Local\Programs\Python\Python312\python.exe C:\Users\15167\PycharmProjects\pythonProject\Assignment11.py
Graph Read from Graph1.txt

Adjacency matrix:
[[1 0 1 1 1]
 [1 1 1 0 0]
 [1 1 1 1 1]
 [0 0 0 1 1]
 [1 0 1 0 1]]

Adjacency table:
0 : [0, 2, 3, 4]
1 : [0, 1, 2]
2 : [0, 1, 2, 3, 4]
3 : [3, 4]
4 : [0, 2, 4]

Edge set:
{(4, 0), (3, 4), (4, 3), (3, 1), (0, 2), (2, 2), (1, 0), (4, 2), (3, 0), (3, 3), (2, 4), (1, 2), (0, 4), (2, 1), (3, 2), (4, 1), (4, 4), (0, 0), (1, 1), (0, 3), (2, 0), (2, 3)}

Incidence matrix:
[[1 0 0 0 1 0 1 0 1 0 0 0 1 0 0 0 0 1 0 1 1 0]
 [0 0 0 1 0 0 1 0 0 0 0 1 0 1 0 1 0 0 1 0 0 0]
 [0 0 0 0 1 1 0 1 0 0 1 1 0 1 1 0 0 0 0 0 1 1]
 [0 1 1 1 0 0 0 0 1 1 0 0 0 0 1 0 0 0 0 1 0 1]
 [1 1 1 0 0 0 0 1 0 0 1 0 1 0 0 1 1 0 0 0 0 0]]

Transitive closure (connectivity) matrix:
[[1 1 1 1 1]
 [1 1 1 1 1]
 [1 1 1 1 1]
 [1 1 1 1 1]
 [1 1 1 1 1]]

Relation Properties for Graph
+-----------------+-------+
|  Property name  | Value |
+=================+=======+
| reflexive       | True  |
+-----------------+-------+
| anti_reflexive  | False |
+-----------------+-------+
| irreflexive     | False |
+-----------------+-------+
| symmetric       | False |
+-----------------+-------+
| anti_symmetric  | False |
+-----------------+-------+
| asymmetric      | False |
+-----------------+-------+
| transitive      | False |
+-----------------+-------+
| intransitive    | True  |
+-----------------+-------+
| anti_transitive | False |
+-----------------+-------+


General Properties for Graph
+-----------------------+-----------------+
|     Property name     |      Value      |
+=======================+=================+
| outdegrees            | [4, 3, 5, 2, 3] |
+-----------------------+-----------------+
| indegrees             | [4, 2, 4, 3, 4] |
+-----------------------+-----------------+
| dfs                   | [0, 2, 1, 3, 4] |
+-----------------------+-----------------+
| bfs                   | [0, 2, 3, 4, 1] |
+-----------------------+-----------------+
| is_connected          | True            |
+-----------------------+-----------------+
| is_strongly_connected | True            |
+-----------------------+-----------------+
| is_eulerian           | False           |
+-----------------------+-----------------+
| is_star               | False           |
+-----------------------+-----------------+
| is_complete           | False           |
+-----------------------+-----------------+
| is_cycle              | False           |
+-----------------------+-----------------+


Vertex Properties for Graph
+--------+-----------+----------+-----------------+
| Vertex | Outdegree | Indegree |    Neighbors    |
+========+===========+==========+=================+
|      0 |         4 |        4 | [0, 2, 3, 4]    |
+--------+-----------+----------+-----------------+
|      1 |         3 |        2 | [0, 1, 2]       |
+--------+-----------+----------+-----------------+
|      2 |         5 |        4 | [0, 1, 2, 3, 4] |
+--------+-----------+----------+-----------------+
|      3 |         2 |        3 | [3, 4]          |
+--------+-----------+----------+-----------------+
|      4 |         3 |        4 | [0, 2, 4]       |
+--------+-----------+----------+-----------------+


Random Graph of Size 8

Adjacency matrix:
[[0 0 0 1 1 0 0 0]
 [0 0 1 0 0 1 1 0]
 [0 0 0 1 0 1 0 1]
 [0 0 0 0 1 0 0 1]
 [0 0 0 0 0 0 0 1]
 [0 0 0 0 0 0 1 0]
 [0 0 0 0 0 0 0 1]
 [0 0 0 0 0 0 0 0]]

Adjacency table:
0 : [3, 4]
1 : [2, 5, 6]
2 : [3, 5, 7]
3 : [4, 7]
4 : [7]
5 : [6]
6 : [7]
7 : []

Edge set:
{(4, 0), (4, 3), (3, 1), (5, 4), (5, 1), (1, 0), (7, 4), (6, 2), (7, 1), (6, 5), (4, 2), (3, 0), (5, 0), (5, 3), (2, 1), (6, 1), (7, 0), (6, 4), (7, 3), (7, 6), (3, 2), (4, 1), (5, 2), (2, 0), (7, 2), (6, 0), (7, 5), (6, 3)}

Incidence matrix:
[[1 0 0 0 0 1 0 0 0 0 0 1 1 0 0 0 1 0 0 0 0 0 0 1 0 1 0 0]
 [0 0 1 0 1 1 0 0 1 0 0 0 0 0 1 1 0 0 0 0 0 1 0 0 0 0 0 0]
 [0 0 0 0 0 0 0 1 0 0 1 0 0 0 1 0 0 0 0 0 1 0 1 1 1 0 0 0]
 [0 1 1 0 0 0 0 0 0 0 0 1 0 1 0 0 0 0 1 0 1 0 0 0 0 0 0 1]
 [1 1 0 1 0 0 1 0 0 0 1 0 0 0 0 0 0 1 0 0 0 1 0 0 0 0 0 0]
 [0 0 0 1 1 0 0 0 0 1 0 0 1 1 0 0 0 0 0 0 0 0 1 0 0 0 1 0]
 [0 0 0 0 0 0 0 1 0 1 0 0 0 0 0 1 0 1 0 1 0 0 0 0 0 1 0 1]
 [0 0 0 0 0 0 1 0 1 0 0 0 0 0 0 0 1 0 1 1 0 0 0 0 1 0 1 0]]

Transitive closure (connectivity) matrix:
[[1 0 0 1 1 0 0 1]
 [0 1 1 1 1 1 1 1]
 [0 0 1 1 1 1 1 1]
 [0 0 0 1 1 0 0 1]
 [0 0 0 0 1 0 0 1]
 [0 0 0 0 0 1 1 1]
 [0 0 0 0 0 0 1 1]
 [0 0 0 0 0 0 0 1]]

Relation Properties for Graph
+-----------------+-------+
|  Property name  | Value |
+=================+=======+
| reflexive       | False |
+-----------------+-------+
| anti_reflexive  | True  |
+-----------------+-------+
| irreflexive     | False |
+-----------------+-------+
| symmetric       | False |
+-----------------+-------+
| anti_symmetric  | False |
+-----------------+-------+
| asymmetric      | False |
+-----------------+-------+
| transitive      | False |
+-----------------+-------+
| intransitive    | True  |
+-----------------+-------+
| anti_transitive | False |
+-----------------+-------+


General Properties for Graph
+-----------------------+--------------------------+
|     Property name     |          Value           |
+=======================+==========================+
| outdegrees            | [2, 3, 3, 2, 1, 1, 1, 0] |
+-----------------------+--------------------------+
| indegrees             | [0, 0, 1, 2, 2, 2, 2, 4] |
+-----------------------+--------------------------+
| dfs                   | [0, 3, 4, 7, 1, 2, 5, 6] |
+-----------------------+--------------------------+
| bfs                   | [0, 3, 4, 7, 1, 2, 5, 6] |
+-----------------------+--------------------------+
| is_connected          | False                    |
+-----------------------+--------------------------+
| is_strongly_connected | False                    |
+-----------------------+--------------------------+
| is_eulerian           | False                    |
+-----------------------+--------------------------+
| is_star               | False                    |
+-----------------------+--------------------------+
| is_complete           | False                    |
+-----------------------+--------------------------+
| is_cycle              | False                    |
+-----------------------+--------------------------+


Vertex Properties for Graph
+--------+-----------+----------+-----------+
| Vertex | Outdegree | Indegree | Neighbors |
+========+===========+==========+===========+
|      0 |         2 |        0 | [3, 4]    |
+--------+-----------+----------+-----------+
|      1 |         3 |        0 | [2, 5, 6] |
+--------+-----------+----------+-----------+
|      2 |         3 |        1 | [3, 5, 7] |
+--------+-----------+----------+-----------+
|      3 |         2 |        2 | [4, 7]    |
+--------+-----------+----------+-----------+
|      4 |         1 |        2 | [7]       |
+--------+-----------+----------+-----------+
|      5 |         1 |        2 | [6]       |
+--------+-----------+----------+-----------+
|      6 |         1 |        2 | [7]       |
+--------+-----------+----------+-----------+
|      7 |         0 |        4 | []        |
+--------+-----------+----------+-----------+



Process finished with exit code 0